118,119
118,118
118,117
118,116
118,115
118,114
118,113
118,112
118,111
118,110
118,109
118,108
118,107
118,106
118,105
118,104
118,103
118,102
118,101
118,100
118,99
118,98
118,97
118,96
118,95
118,94
118,93
118,92
118,91
118,90
118,89
118,88
10,96
10,6
10,206
11,28
11,8
11,6
11,20
118,87
118,86
118,85
118,84
118,83
118,82
118,81
118,80
118,79
118,78
118,77
118,76
118,75
118,74
118,73
118,72
118,71
118,70
118,69
118,68
9,6
9,4
118,67
118,66
118,65
118,64
118,14
118,13
118,12
118,11
118,10
118,9
118,8
118,7
118,6
118,5
107,5
107,4
8,16
8,4
107,1
81,17
81,16
81,15
81,14
81,13
81,12
81,11
81,8
81,1
12,2
12,3
12,1
11,29
11,27
11,25
11,24
11,23
11,22
11,21
11,19
11,18
11,17
11,16
11,15
11,14
11,13
11,12
11,11
11,10
11,9
11,7
11,5
11,4
11,3
11,2
11,1
20,2
20,1
20,3
19,2
19,1
19,3
10,303
10,253
10,247
10,244
10,239
10,183
18,1
18,3
14,9
10,145
10,81
10,3
10,2
10,1
9,7
9,5
9,3
9,2
